# Created by Octave 4.4.1, Thu Jan 17 21:37:49 2019 GMT <unknown@DESKTOP-2GPJKLC>
# name: v
# type: matrix
# rows: 1
# columns: 10
 2104 1600 2400 1416 3000 1985 1534 1427 1380 1494


