# Created by Octave 4.4.1, Thu Jan 17 21:43:56 2019 GMT <unknown@DESKTOP-2GPJKLC>
# name: v
# type: matrix
# rows: 10
# columns: 1
 399900
 329900
 369000
 232000
 539900
 299900
 314900
 198999
 212000
 242500


